rho E momentum
1.00000000e+00 1.59726996e-81 2.50000000e+00
1.00000000e+00 6.18502618e-80 2.50000000e+00
1.00000000e+00 2.39830280e-78 2.50000000e+00
1.00000000e+00 9.01501798e-77 2.50000000e+00
1.00000000e+00 3.26393954e-75 2.50000000e+00
1.00000000e+00 1.13560919e-73 2.50000000e+00
1.00000000e+00 3.81238290e-72 2.50000000e+00
1.00000000e+00 1.24957547e-70 2.50000000e+00
1.00000000e+00 4.07136176e-69 2.50000000e+00
1.00000000e+00 1.34326656e-67 2.50000000e+00
1.00000000e+00 4.53690317e-66 2.50000000e+00
1.00000000e+00 1.56476502e-64 2.50000000e+00
1.00000000e+00 5.42818414e-63 2.50000000e+00
1.00000000e+00 1.85500086e-61 2.50000000e+00
1.00000000e+00 6.13859590e-60 2.50000000e+00
1.00000000e+00 1.95482230e-58 2.50000000e+00
1.00000000e+00 6.02908897e-57 2.50000000e+00
1.00000000e+00 1.82535642e-55 2.50000000e+00
1.00000000e+00 5.48689162e-54 2.50000000e+00
1.00000000e+00 1.64671862e-52 2.50000000e+00
1.00000000e+00 4.94446494e-51 2.50000000e+00
1.00000000e+00 1.48195430e-49 2.50000000e+00
1.00000000e+00 4.38267231e-48 2.50000000e+00
1.00000000e+00 1.25507413e-46 2.50000000e+00
1.00000000e+00 3.42840414e-45 2.50000000e+00
1.00000000e+00 8.90610570e-44 2.50000000e+00
1.00000000e+00 2.23631005e-42 2.50000000e+00
1.00000000e+00 5.64582312e-41 2.50000000e+00
1.00000000e+00 1.48898673e-39 2.50000000e+00
1.00000000e+00 4.07680776e-38 2.50000000e+00
1.00000000e+00 1.10644489e-36 2.50000000e+00
1.00000000e+00 2.93639985e-35 2.50000000e+00
1.00000000e+00 7.90098320e-34 2.50000000e+00
1.00000000e+00 2.13446046e-32 2.50000000e+00
1.00000000e+00 5.72140234e-31 2.50000000e+00
1.00000000e+00 1.53876834e-29 2.50000000e+00
1.00000000e+00 4.05447474e-28 2.50000000e+00
1.00000000e+00 9.98767188e-27 2.50000000e+00
1.00000000e+00 2.24767398e-25 2.50000000e+00
1.00000000e+00 4.65127365e-24 2.50000000e+00
1.00000000e+00 9.19960457e-23 2.50000000e+00
1.00000000e+00 2.59224342e-21 2.50000000e+00
1.00000000e+00 7.84122911e-20 2.50000000e+00
1.00000000e+00 1.91603966e-18 2.50000000e+00
1.00000000e+00 3.92857142e-17 2.50000000e+00
1.00000000e+00 2.50103263e-16 2.50000000e+00
1.00000000e+00 9.14601626e-16 2.50000000e+00
1.00000000e+00 2.62330803e-15 2.50000000e+00
1.00000000e+00 7.30968882e-15 2.50000000e+00
1.00000000e+00 1.99572290e-14 2.50000000e+00
1.00000000e+00 5.30368663e-14 2.50000000e+00
1.00000000e+00 1.38138345e-13 2.50000000e+00
1.00000000e+00 3.53304608e-13 2.50000000e+00
1.00000000e+00 8.87564491e-13 2.50000000e+00
1.00000000e+00 2.19011894e-12 2.50000000e+00
1.00000000e+00 5.30824930e-12 2.50000000e+00
1.00000000e+00 1.26382329e-11 2.50000000e+00
1.00000000e+00 2.95601574e-11 2.50000000e+00
1.00000000e+00 6.79268613e-11 2.50000000e+00
1.00000000e+00 1.53362972e-10 2.50000000e+00
1.00000000e+00 3.40229081e-10 2.50000000e+00
9.99999999e-01 7.41686603e-10 2.50000000e+00
9.99999999e-01 1.58888489e-09 2.50000000e+00
9.99999997e-01 3.34511614e-09 2.49999999e+00
9.99999994e-01 6.92148589e-09 2.49999998e+00
9.99999988e-01 1.40759701e-08 2.49999996e+00
9.99999976e-01 2.81364050e-08 2.49999992e+00
9.99999953e-01 5.52827320e-08 2.49999984e+00
9.99999910e-01 1.06772475e-07 2.49999968e+00
9.99999829e-01 2.02719411e-07 2.49999940e+00
9.99999680e-01 3.78367543e-07 2.49999888e+00
9.99999413e-01 6.94273003e-07 2.49999795e+00
9.99998941e-01 1.25244593e-06 2.49999630e+00
9.99998123e-01 2.22133259e-06 2.49999343e+00
9.99996726e-01 3.87352980e-06 2.49998854e+00
9.99994387e-01 6.64126921e-06 2.49998035e+00
9.99990538e-01 1.11958689e-05 2.49996688e+00
9.99984315e-01 1.85583114e-05 2.49994510e+00
9.99974435e-01 3.02485465e-05 2.49991052e+00
9.99959025e-01 4.84805949e-05 2.49985659e+00
9.99935420e-01 7.64085317e-05 2.49977398e+00
9.99899906e-01 1.18424429e-04 2.49964969e+00
9.99847431e-01 1.80502953e-04 2.49946605e+00
9.99771284e-01 2.70578469e-04 2.49919958e+00
9.99662766e-01 3.98929651e-04 2.49881986e+00
9.99510888e-01 5.78534931e-04 2.49828849e+00
9.99302125e-01 8.25351560e-04 2.49755821e+00
9.99020281e-01 1.15846422e-03 2.49657249e+00
9.98646501e-01 1.60004880e-03 2.49526561e+00
9.98159471e-01 2.17510561e-03 2.49356341e+00
9.97535834e-01 2.91093447e-03 2.49138480e+00
9.96750806e-01 3.83635184e-03 2.48864406e+00
9.95778984e-01 4.98068232e-03 2.48525372e+00
9.94595281e-01 6.37259005e-03 2.48112799e+00
9.93175923e-01 8.03884144e-03 2.47618637e+00
9.91499416e-01 1.00031056e-02 2.47035710e+00
9.89547404e-01 1.22848975e-02 2.46358027e+00
9.87305355e-01 1.48987532e-02 2.45581023e+00
9.84763010e-01 1.78536981e-02 2.44701715e+00
9.81914593e-01 2.11530331e-02 2.43718771e+00
9.78758773e-01 2.47944314e-02 2.42632479e+00
9.75298419e-01 2.87703058e-02 2.41444651e+00
9.71540182e-01 3.30683881e-02 2.40158457e+00
9.67493968e-01 3.76724522e-02 2.38778221e+00
9.63172344e-01 4.25631118e-02 2.37309191e+00
9.58589925e-01 4.77186305e-02 2.35757311e+00
9.53762790e-01 5.31156972e-02 2.34129000e+00
9.48707939e-01 5.87301283e-02 2.32430948e+00
9.43442825e-01 6.45374775e-02 2.30669941e+00
9.37984951e-01 7.05135422e-02 2.28852720e+00
9.32351553e-01 7.66347654e-02 2.26985860e+00
9.26559350e-01 8.28785407e-02 2.25075681e+00
9.20624360e-01 8.92234285e-02 2.23128191e+00
9.14561772e-01 9.56492987e-02 2.21149035e+00
9.08385871e-01 1.02137409e-01 2.19143480e+00
9.02109996e-01 1.08670437e-01 2.17116397e+00
8.95746529e-01 1.15232468e-01 2.15072268e+00
8.89306910e-01 1.21808961e-01 2.13015193e+00
8.82801664e-01 1.28386691e-01 2.10948903e+00
8.76240445e-01 1.34953678e-01 2.08876785e+00
8.69632081e-01 1.41499108e-01 2.06801897e+00
8.62984630e-01 1.48013251e-01 2.04726994e+00
8.56305432e-01 1.54487380e-01 2.02654553e+00
8.49601165e-01 1.60913684e-01 2.00586791e+00
8.42877899e-01 1.67285196e-01 1.98525690e+00
8.36141143e-01 1.73595710e-01 1.96473019e+00
8.29395900e-01 1.79839721e-01 1.94430349e+00
8.22646708e-01 1.86012353e-01 1.92399076e+00
8.15897680e-01 1.92109298e-01 1.90380434e+00
8.09152550e-01 1.98126769e-01 1.88375516e+00
8.02414700e-01 2.04061440e-01 1.86385280e+00
7.95687201e-01 2.09910409e-01 1.84410569e+00
7.88972835e-01 2.15671152e-01 1.82452119e+00
7.82274127e-01 2.21341484e-01 1.80510570e+00
7.75593367e-01 2.26919531e-01 1.78586478e+00
7.68932632e-01 2.32403695e-01 1.76680319e+00
7.62293809e-01 2.37792629e-01 1.74792501e+00
7.55678608e-01 2.43085210e-01 1.72923368e+00
7.49088583e-01 2.48280519e-01 1.71073209e+00
7.42525141e-01 2.53377822e-01 1.69242261e+00
7.35989563e-01 2.58376547e-01 1.67430715e+00
7.29483011e-01 2.63276276e-01 1.65638722e+00
7.23006537e-01 2.68076722e-01 1.63866394e+00
7.16561097e-01 2.72777722e-01 1.62113813e+00
7.10147559e-01 2.77379223e-01 1.60381028e+00
7.03766709e-01 2.81881269e-01 1.58668061e+00
6.97419259e-01 2.86283998e-01 1.56974911e+00
6.91105854e-01 2.90587627e-01 1.55301555e+00
6.84827077e-01 2.94792446e-01 1.53647948e+00
6.78583455e-01 2.98898813e-01 1.52014031e+00
6.72375464e-01 3.02907145e-01 1.50399726e+00
6.66203534e-01 3.06817914e-01 1.48804942e+00
6.60068050e-01 3.10631642e-01 1.47229576e+00
6.53969361e-01 3.14348894e-01 1.45673512e+00
6.47907779e-01 3.17970275e-01 1.44136625e+00
6.41883582e-01 3.21496429e-01 1.42618780e+00
6.35897023e-01 3.24928029e-01 1.41119835e+00
6.29948325e-01 3.28265781e-01 1.39639641e+00
6.24037688e-01 3.31510416e-01 1.38178043e+00
6.18165289e-01 3.34662690e-01 1.36734878e+00
6.12331288e-01 3.37723378e-01 1.35309982e+00
6.06535826e-01 3.40693278e-01 1.33903186e+00
6.00779029e-01 3.43573203e-01 1.32514317e+00
5.95061010e-01 3.46363980e-01 1.31143200e+00
5.89381869e-01 3.49066454e-01 1.29789657e+00
5.83741700e-01 3.51681477e-01 1.28453511e+00
5.78140587e-01 3.54209914e-01 1.27134582e+00
5.72578611e-01 3.56652640e-01 1.25832691e+00
5.67055848e-01 3.59010534e-01 1.24547658e+00
5.61572378e-01 3.61284486e-01 1.23279307e+00
5.56128280e-01 3.63475389e-01 1.22027460e+00
5.50723642e-01 3.65584141e-01 1.20791943e+00
5.45358560e-01 3.67611644e-01 1.19572587e+00
5.40033146e-01 3.69558801e-01 1.18369226e+00
5.34747529e-01 3.71426518e-01 1.17181698e+00
5.29501869e-01 3.73215701e-01 1.16009850e+00
5.24296355e-01 3.74927255e-01 1.14853536e+00
5.19131223e-01 3.76562085e-01 1.13712620e+00
5.14006766e-01 3.78121093e-01 1.12586982e+00
5.08923348e-01 3.79605175e-01 1.11476515e+00
5.03881429e-01 3.81015224e-01 1.10381133e+00
4.98881594e-01 3.82352127e-01 1.09300779e+00
4.93924585e-01 3.83616759e-01 1.08235426e+00
4.89011360e-01 3.84809986e-01 1.07185095e+00
4.84143164e-01 3.85932656e-01 1.06149861e+00
4.79321630e-01 3.86985601e-01 1.05129884e+00
4.74548926e-01 3.87969623e-01 1.04125426e+00
4.69827974e-01 3.88885492e-01 1.03136904e+00
4.65162775e-01 3.89733928e-01 1.02164947e+00
4.60558904e-01 3.90515586e-01 1.01210501e+00
4.56024292e-01 3.91231024e-01 1.00274976e+00
4.51570477e-01 3.91880663e-01 9.93604966e-01
4.47214656e-01 3.92464724e-01 9.84703048e-01
4.42983097e-01 3.92983122e-01 9.76094322e-01
4.38916847e-01 3.93435322e-01 9.67858216e-01
4.35081057e-01 3.93820128e-01 9.60121578e-01
4.31578873e-01 3.94135448e-01 9.53085896e-01
4.28566562e-01 3.94378255e-01 9.47056821e-01
4.26250506e-01 3.94545486e-01 9.42437734e-01
4.24816637e-01 3.94637505e-01 9.39589984e-01
4.24262490e-01 3.94664889e-01 9.38501125e-01
4.24289786e-01 3.94652042e-01 9.38573116e-01
4.24500361e-01 3.94626342e-01 9.39011354e-01
4.24680847e-01 3.94602278e-01 9.39390137e-01
4.24800758e-01 3.94582013e-01 9.39648572e-01
4.24878055e-01 3.94564348e-01 9.39822486e-01
4.24930644e-01 3.94548045e-01 9.39947631e-01
4.24972134e-01 3.94532147e-01 9.40051197e-01
4.25012391e-01 3.94515948e-01 9.40152909e-01
4.25055829e-01 3.94499118e-01 9.40261614e-01
4.25100059e-01 3.94481805e-01 9.40372572e-01
4.25138020e-01 3.94464491e-01 9.40471705e-01
4.25163218e-01 3.94447618e-01 9.40546070e-01
4.25173912e-01 3.94431294e-01 9.40592215e-01
4.25172817e-01 3.94415303e-01 9.40615601e-01
4.25163689e-01 3.94399356e-01 9.40623767e-01
4.25148765e-01 3.94383265e-01 9.40621227e-01
4.25128871e-01 3.94366944e-01 9.40609678e-01
4.25105000e-01 3.94350289e-01 9.40591152e-01
4.25079681e-01 3.94333088e-01 9.40570756e-01
4.25057153e-01 3.94315001e-01 9.40557020e-01
4.25041843e-01 3.94295674e-01 9.40558856e-01
4.25035642e-01 3.94274929e-01 9.40580114e-01
4.25035912e-01 3.94252907e-01 9.40615595e-01
4.25036339e-01 3.94230011e-01 9.40652756e-01
4.25030499e-01 3.94206649e-01 9.40678835e-01
4.25015234e-01 3.94182992e-01 9.40687601e-01
4.24991085e-01 3.94158939e-01 9.40680236e-01
4.24960141e-01 3.94134271e-01 9.40661022e-01
4.24923904e-01 3.94108804e-01 9.40633080e-01
4.24882933e-01 3.94082413e-01 9.40597661e-01
4.24837986e-01 3.94054950e-01 9.40556427e-01
4.24791364e-01 3.94026143e-01 9.40514144e-01
4.24747233e-01 3.93995576e-01 9.40479334e-01
4.24710180e-01 3.93962786e-01 9.40461378e-01
4.24682407e-01 3.93927465e-01 9.40464926e-01
4.24661537e-01 3.93889616e-01 9.40485487e-01
4.24641193e-01 3.93849508e-01 9.40510600e-01
4.24614390e-01 3.93807431e-01 9.40526622e-01
4.24577033e-01 3.93763436e-01 9.40525741e-01
4.24528760e-01 3.93717267e-01 9.40507672e-01
4.24471131e-01 3.93668475e-01 9.40476065e-01
4.24405441e-01 3.93616561e-01 9.40434143e-01
4.24332005e-01 3.93561001e-01 9.40383327e-01
4.24251001e-01 3.93501147e-01 9.40324970e-01
4.24163754e-01 3.93436063e-01 9.40263042e-01
4.24073162e-01 3.93364406e-01 9.40205136e-01
4.23982358e-01 3.93284365e-01 9.40160023e-01
4.23891865e-01 3.93193660e-01 9.40132290e-01
4.23796992e-01 3.93089408e-01 9.40117620e-01
4.23687590e-01 3.92967712e-01 9.40102977e-01
4.23550395e-01 3.92822896e-01 9.40072227e-01
4.23371659e-01 3.92646541e-01 9.40012633e-01
4.23137433e-01 3.92426505e-01 9.39916937e-01
4.22831150e-01 3.92145973e-01 9.39780281e-01
4.22430341e-01 3.91782459e-01 9.39595583e-01
4.21904467e-01 3.91306719e-01 9.39351127e-01
4.21214409e-01 3.90681697e-01 9.39031270e-01
4.20313005e-01 3.89861740e-01 9.38618697e-01
4.19145580e-01 3.88792415e-01 9.38095739e-01
4.17649740e-01 3.87411234e-01 9.37442890e-01
4.15754792e-01 3.85649512e-01 9.36634812e-01
4.13382560e-01 3.83435407e-01 9.35637033e-01
4.10451613e-01 3.80698026e-01 9.34407364e-01
4.06885201e-01 3.77372400e-01 9.32902971e-01
4.02620710e-01 3.73405082e-01 9.31089427e-01
3.97617731e-01 3.68760048e-01 9.28946777e-01
3.91863404e-01 3.63424364e-01 9.26470822e-01
3.85375581e-01 3.57412890e-01 9.23671710e-01
3.78204723e-01 3.50771229e-01 9.20572786e-01
3.70434533e-01 3.43576325e-01 9.17210861e-01
3.62180570e-01 3.35934378e-01 9.13637003e-01
3.53585982e-01 3.27976149e-01 9.09916135e-01
3.44814059e-01 3.19850089e-01 9.06124030e-01
3.36038161e-01 3.11713987e-01 9.02341327e-01
3.27430402e-01 3.03725966e-01 8.98645818e-01
3.19150940e-01 2.96035548e-01 8.95105524e-01
3.11339402e-01 2.88775463e-01 8.91774915e-01
3.04109052e-01 2.82054826e-01 8.88694813e-01
2.97543445e-01 2.75954320e-01 8.85894397e-01
2.91695013e-01 2.70523897e-01 8.83392917e-01
2.86585304e-01 2.65783149e-01 8.81199902e-01
2.82206958e-01 2.61724026e-01 8.79314372e-01
2.78527450e-01 2.58315258e-01 8.77724490e-01
2.75494355e-01 2.55507730e-01 8.76408690e-01
2.73041463e-01 2.53240112e-01 8.75338302e-01
2.71095036e-01 2.51444240e-01 8.74481120e-01
2.69579541e-01 2.50049832e-01 8.73805184e-01
2.68422393e-01 2.48988330e-01 8.73282051e-01
2.67557286e-01 2.48195827e-01 8.72888622e-01
2.66925861e-01 2.47615139e-01 8.72606670e-01
2.66477764e-01 2.47197149e-01 8.72419982e-01
2.66169727e-01 2.46901425e-01 8.72310653e-01
2.65964663e-01 2.46696034e-01 8.72257238e-01
2.65831556e-01 2.46556547e-01 8.72236700e-01
2.65746052e-01 2.46464528e-01 8.72229271e-01
2.65690796e-01 2.46406000e-01 8.72222740e-01
2.65654671e-01 2.46370333e-01 8.72213021e-01
2.65630989e-01 2.46349627e-01 8.72201026e-01
2.65615543e-01 2.46338323e-01 8.72188650e-01
2.65605280e-01 2.46332792e-01 8.72176358e-01
2.65597686e-01 2.46330868e-01 8.72162697e-01
2.65590568e-01 2.46331396e-01 8.72144767e-01
2.65582111e-01 2.46333814e-01 8.72119286e-01
2.65571354e-01 2.46337720e-01 8.72084748e-01
2.65559057e-01 2.46342407e-01 8.72044636e-01
2.65548337e-01 2.46346565e-01 8.72009672e-01
2.65543934e-01 2.46348502e-01 8.71995497e-01
2.65549555e-01 2.46347017e-01 8.72014068e-01
2.65564690e-01 2.46342419e-01 8.72063426e-01
2.65583916e-01 2.46336662e-01 8.72125641e-01
2.65600160e-01 2.46332126e-01 8.72177717e-01
2.65609310e-01 2.46330002e-01 8.72206714e-01
2.65611785e-01 2.46329817e-01 8.72214739e-01
2.65610322e-01 2.46330387e-01 8.72211286e-01
2.65607313e-01 2.46330961e-01 8.72204016e-01
2.65604148e-01 2.46331581e-01 8.72196314e-01
2.65601625e-01 2.46332773e-01 8.72189005e-01
2.65599887e-01 2.46335084e-01 8.72181217e-01
2.65597729e-01 2.46338730e-01 8.72169460e-01
2.65592045e-01 2.46343510e-01 8.72146409e-01
2.65578728e-01 2.46348981e-01 8.72102779e-01
2.65556467e-01 2.46354349e-01 8.72037056e-01
2.65532360e-01 2.46357857e-01 8.71970908e-01
2.65522414e-01 2.46356996e-01 8.71949977e-01
2.65539536e-01 2.46351425e-01 8.72007305e-01
2.65577572e-01 2.46345973e-01 8.72116703e-01
2.65614682e-01 2.46346790e-01 8.72209782e-01
2.65635003e-01 2.46352331e-01 8.72250265e-01
2.65635934e-01 2.46352677e-01 8.72253620e-01
2.65619040e-01 2.46340126e-01 8.72240264e-01
2.65591678e-01 2.46318005e-01 8.72218559e-01
2.65569845e-01 2.46298781e-01 8.72190715e-01
2.65565422e-01 2.46287257e-01 8.72137740e-01
2.65561967e-01 2.46245187e-01 8.71958868e-01
2.65474552e-01 2.46006214e-01 8.71259485e-01
2.65018889e-01 2.44973936e-01 8.68556114e-01
2.63197961e-01 2.40990188e-01 8.58362155e-01
2.56607391e-01 2.26766613e-01 8.22116209e-01
2.36414228e-01 1.84644132e-01 7.15185973e-01
1.94809638e-01 1.05102192e-01 5.14697439e-01
1.51009542e-01 3.35389669e-02 3.35322585e-01
1.30508922e-01 6.19338033e-03 2.66116752e-01
1.25837596e-01 8.95578975e-04 2.52361743e-01
1.25116997e-01 1.23997702e-04 2.50327911e-01
1.25016239e-01 1.71888973e-05 2.50045475e-01
1.25002266e-01 2.39766632e-06 2.50006344e-01
1.25000317e-01 3.35617220e-07 2.50000888e-01
1.25000044e-01 4.69520686e-08 2.50000124e-01
1.25000006e-01 6.55018514e-09 2.50000017e-01
1.25000001e-01 9.11820821e-10 2.50000002e-01
1.25000000e-01 1.26914609e-10 2.50000000e-01
1.25000000e-01 1.76860779e-11 2.50000000e-01
1.25000000e-01 2.46711208e-12 2.50000000e-01
1.25000000e-01 3.44187616e-13 2.50000000e-01
1.25000000e-01 4.79948821e-14 2.50000000e-01
1.25000000e-01 6.68683731e-15 2.50000000e-01
1.25000000e-01 9.26705910e-16 2.50000000e-01
1.25000000e-01 1.25145101e-16 2.50000000e-01
1.25000000e-01 1.48833982e-17 2.50000000e-01
1.25000000e-01 5.51197859e-19 2.50000000e-01
1.25000000e-01 6.60973322e-21 2.50000000e-01
1.25000000e-01 1.37022346e-22 2.50000000e-01
1.25000000e-01 1.87780939e-24 2.50000000e-01
1.25000000e-01 3.43220368e-26 2.50000000e-01
1.25000000e-01 5.12551280e-28 2.50000000e-01
1.25000000e-01 9.46223960e-30 2.50000000e-01
1.25000000e-01 1.68716808e-31 2.50000000e-01
1.25000000e-01 3.50981542e-33 2.50000000e-01
1.25000000e-01 6.75537436e-35 2.50000000e-01
1.25000000e-01 1.19375465e-36 2.50000000e-01
1.25000000e-01 1.88548343e-38 2.50000000e-01
1.25000000e-01 3.10400318e-40 2.50000000e-01
1.25000000e-01 4.96986812e-42 2.50000000e-01
1.25000000e-01 8.14721980e-44 2.50000000e-01
1.25000000e-01 1.33163213e-45 2.50000000e-01
1.25000000e-01 2.30682801e-47 2.50000000e-01
1.25000000e-01 4.24068299e-49 2.50000000e-01
1.25000000e-01 8.23503774e-51 2.50000000e-01
1.25000000e-01 1.57432355e-52 2.50000000e-01
1.25000000e-01 2.82102934e-54 2.50000000e-01
1.25000000e-01 4.67712856e-56 2.50000000e-01
1.25000000e-01 7.46686348e-58 2.50000000e-01
1.25000000e-01 1.18651847e-59 2.50000000e-01
1.25000000e-01 1.88871847e-61 2.50000000e-01
1.25000000e-01 3.02236338e-63 2.50000000e-01
1.25000000e-01 4.91110728e-65 2.50000000e-01
1.25000000e-01 8.10566960e-67 2.50000000e-01
1.25000000e-01 1.35099983e-68 2.50000000e-01
1.25000000e-01 2.25258738e-70 2.50000000e-01
1.25000000e-01 3.77198857e-72 2.50000000e-01
1.25000000e-01 6.43462708e-74 2.50000000e-01
1.25000000e-01 1.13124955e-75 2.50000000e-01
1.25000000e-01 2.04106516e-77 2.50000000e-01
1.25000000e-01 3.72206031e-79 2.50000000e-01
1.25000000e-01 6.72141476e-81 2.50000000e-01
1.25000000e-01 1.18087177e-82 2.50000000e-01
1.25000000e-01 2.00160110e-84 2.50000000e-01
1.25000000e-01 3.28193120e-86 2.50000000e-01
1.25000000e-01 5.34683960e-88 2.50000000e-01
